1,Teclado Mecânico,10,250.00
2,Mouse Gamer,25,120.50
3,Monitor 24 Polegadas,8,899.99
4,Cadeira Escritório,5,650.00
5,Notebook i5,12,3500.00
6,Headset Bluetooth,20,199.90
7,Webcam Full HD,15,150.75
8,HD Externo 1TB,18,320.40
9,Pen Drive 64GB,50,45.99
10,Smartphone Android,7,2200.00
11,Produto 11,14,112.30
12,Produto 12,22,89.90
13,Produto 13,7,45.50
14,Produto 14,18,210.00
15,Produto 15,9,399.99
16,Produto 16,30,15.75
17,Produto 17,11,78.20
18,Produto 18,6,950.00
19,Produto 19,27,60.00
20,Produto 20,13,135.40
21,Produto 21,19,49.99
22,Produto 22,5,799.00
23,Produto 23,16,120.00
24,Produto 24,8,340.00
25,Produto 25,21,27.90
26,Produto 26,10,560.00
27,Produto 27,12,75.00
28,Produto 28,4,999.90
29,Produto 29,17,43.20
30,Produto 30,23,88.88
31,Produto 31,15,150.00
32,Produto 32,9,210.30
33,Produto 33,11,333.33
34,Produto 34,6,72.10
35,Produto 35,25,18.75
36,Produto 36,14,430.00
37,Produto 37,20,67.80
38,Produto 38,7,299.99
39,Produto 39,13,155.00
40,Produto 40,18,92.45
41,Produto 41,22,48.00
42,Produto 42,10,870.00
43,Produto 43,5,999.99
44,Produto 44,16,210.00
45,Produto 45,8,340.75
46,Produto 46,12,123.45
47,Produto 47,19,76.30
48,Produto 48,24,15.00
49,Produto 49,3,1200.00
50,Produto 50,27,55.50
51,Produto 51,14,210.10
52,Produto 52,9,88.00
53,Produto 53,17,305.00
54,Produto 54,6,49.90
55,Produto 55,20,77.77
56,Produto 56,11,615.00
57,Produto 57,13,142.00
58,Produto 58,7,85.00
59,Produto 59,15,39.99
60,Produto 60,18,250.00
61,Produto 61,21,60.60
62,Produto 62,10,740.00
63,Produto 63,4,999.00
64,Produto 64,25,12.99
65,Produto 65,16,180.00
66,Produto 66,8,420.50
67,Produto 67,12,93.20
68,Produto 68,19,76.10
69,Produto 69,23,58.00
70,Produto 70,14,215.00
71,Produto 71,6,870.00
72,Produto 72,11,135.75
73,Produto 73,17,49.99
74,Produto 74,9,620.00
75,Produto 75,20,33.30
76,Produto 76,13,410.00
77,Produto 77,7,289.90
78,Produto 78,18,99.99
79,Produto 79,22,59.90
80,Produto 80,15,145.00
81,Produto 81,5,999.00
82,Produto 82,24,22.22
83,Produto 83,10,310.00
84,Produto 84,16,87.65
85,Produto 85,8,430.00
86,Produto 86,12,75.75
87,Produto 87,19,66.60
88,Produto 88,21,58.80
89,Produto 89,14,250.00
90,Produto 90,6,710.00
91,Produto 91,11,180.00
92,Produto 92,17,49.00
93,Produto 93,9,600.00
94,Produto 94,20,33.00
95,Produto 95,13,405.00
96,Produto 96,7,290.00
97,Produto 97,18,99.00
98,Produto 98,22,59.00
99,Produto 99,15,140.00
100,Produto 100,5,990.00
101,Produto 101,24,21.00
102,Produto 102,10,300.00
103,Produto 103,16,85.00
104,Produto 104,8,420.00
105,Produto 105,12,70.00
106,Produto 106,19,65.00
107,Produto 107,21,55.00
108,Produto 108,14,240.00
109,Produto 109,6,700.00
110,Produto 110,11,175.00
111,Produto 111,17,48.00
112,Produto 112,9,590.00
113,Produto 113,20,32.00
114,Produto 114,13,400.00
115,Produto 115,7,280.00
116,Produto 116,18,98.00
117,Produto 117,22,58.00
118,Produto 118,15,138.00
119,Produto 119,5,980.00
120,Produto 120,24,20.00
121,Produto 121,10,295.00
122,Produto 122,16,84.00
123,Produto 123,8,410.00
124,Produto 124,12,68.00
125,Produto 125,19,64.00
126,Produto 126,21,54.00
127,Produto 127,14,235.00
128,Produto 128,6,690.00
129,Produto 129,11,170.00
130,Produto 130,17,47.00
131,Produto 131,9,580.00
132,Produto 132,20,31.00
133,Produto 133,13,395.00
134,Produto 134,7,275.00
135,Produto 135,18,97.00
136,Produto 136,22,57.00
137,Produto 137,15,135.00
138,Produto 138,5,970.00
139,Produto 139,24,19.00
140,Produto 140,10,290.00
141,Produto 141,16,83.00
142,Produto 142,8,405.00
143,Produto 143,12,66.00
144,Produto 144,19,63.00
145,Produto 145,21,53.00
146,Produto 146,14,230.00
147,Produto 147,6,680.00
148,Produto 148,11,165.00
149,Produto 149,17,46.00
150,Produto 150,9,570.00
151,Produto 151,20,30.00
152,Produto 152,13,390.00
153,Produto 153,7,270.00
154,Produto 154,18,96.00
155,Produto 155,22,56.00
156,Produto 156,15,132.00
157,Produto 157,5,960.00
158,Produto 158,24,18.00
159,Produto 159,10,285.00
160,Produto 160,16,82.00
161,Produto 161,8,400.00
162,Produto 162,12,65.00
163,Produto 163,19,62.00
164,Produto 164,21,52.00
165,Produto 165,14,225.00
166,Produto 166,6,670.00
167,Produto 167,11,160.00
168,Produto 168,17,45.00
169,Produto 169,9,560.00
170,Produto 170,20,29.00
171,Produto 171,13,385.00
172,Produto 172,7,265.00
173,Produto 173,18,95.00
174,Produto 174,22,55.00
175,Produto 175,15,130.00
176,Produto 176,5,950.00
177,Produto 177,24,17.00
178,Produto 178,10,280.00
179,Produto 179,16,81.00
180,Produto 180,8,395.00
181,Produto 181,12,64.00
182,Produto 182,19,61.00
183,Produto 183,21,51.00
184,Produto 184,14,220.00
185,Produto 185,6,660.00
186,Produto 186,11,155.00
187,Produto 187,17,44.00
188,Produto 188,9,550.00
189,Produto 189,20,28.00
190,Produto 190,13,380.00
191,Produto 191,7,260.00
192,Produto 192,18,94.00
193,Produto 193,22,54.00
194,Produto 194,15,128.00
195,Produto 195,5,940.00
196,Produto 196,24,16.00
197,Produto 197,10,275.00
198,Produto 198,16,80.00
199,Produto 199,8,390.00
200,Produto 200,12,63.00